01-10-20 46 34 25 01 39 14 09
01-17-20 21 39 46 05 31 04 30
01-24-20 44 44 27 16 39 37 35
01-31-20 14 44 17 09 32 08 23
02-07-20 41 39 40 39 23 30 27
02-14-20 09 40 43 33 27 06 40
02-21-20 37 37 34 32 27 04 43
02-28-20 35 41 22 04 22 19 32
03-06-20 39 08 42 08 06 36 29
03-13-20 01 06 15 08 24 03 36
03-20-20 04 34 33 12 32 45 27
03-27-20 08 33 27 06 04 29 06
04-03-20 48 19 36 01 11 44 19
04-10-20 33 02 25 22 19 11 36
04-17-20 31 19 24 04 02 08 31
04-24-20 07 39 42 40 24 06 32
05-01-20 24 15 03 03 08 23 03
05-08-20 37 29 08 13 08 17 20
05-15-20 33 08 39 13 34 40 26
05-22-20 14 04 03 03 22 24 41
05-29-20 30 44 10 36 39 37 10
06-05-20 36 23 20 12 37 34 44
06-12-20 40 16 40 44 40 12 24
06-19-20 31 03 28 40 15 07 10
06-26-20 12 49 49 35 48 12 08
07-03-20 35 47 27 18 30 11 47
07-10-20 34 20 01 46 07 31 24
07-17-20 37 13 09 31 13 18 48
07-24-20 41 32 45 24 31 49 24
07-31-20 23 20 26 39 23 36 05
08-07-20 18 13 26 11 01 26 46
08-14-20 32 27 44 09 25 35 25
08-21-20 37 41 04 36 43 10 43
08-28-20 16 32 43 49 11 24 12
09-04-20 01 25 08 33 45 19 19
09-11-20 49 32 21 13 41 02 10
09-18-20 05 01 16 07 14 49 35
09-25-20 28 22 03 29 27 12 03
10-02-20 31 32 11 39 03 35 32
10-09-20 03 37 25 29 17 06 38
10-16-20 10 33 23 02 09 34 12
10-23-20 31 28 42 46 24 26 22
10-30-20 03 05 05 19 08 17 18
11-06-20 01 10 23 39 16 28 03
11-13-20 14 40 27 47 43 47 19
11-20-20 39 30 27 18 28 41 01
11-27-20 04 18 43 28 10 10 01
12-04-20 33 21 11 09 38 20 09
12-11-20 23 01 13 42 06 10 17
12-18-20 37 16 48 31 28 04 13
12-25-20 24 27 01 30 26 18 46
01-01-21 42 30 11 06 18 02 30
